toppt: /REF/ATLAS_2017_I1614149/d26-x01-y01
ttpt: /REF/ATLAS_2017_I1614149/d20-x01-y01
ttm:  /REF/ATLAS_2017_I1614149/d24-x01-y01


toppt
[0.0, 25.0, 50.0, 75.0, 105.0, 135.0, 165.0, 195.0, 230.0, 265.0, 300.0, 350.0, 400.0, 450.0, 500.0, 1000.0]
[0.00131799, 0.00382031, 0.0056759, 0.00627889, 0.0056098, 0.0040236, 0.00273743, 0.00179477, 0.00110479, 0.000751999, 0.000398752, 0.000217909, 0.000107683, 5.1266e-05, 7.13627e-06]
[0.03294975, 0.09550775, 0.1418975, 0.1883667, 0.168294, 0.12070799999999998, 0.0821229, 0.06281695, 0.03866765, 0.026319965, 0.0199376, 0.01089545, 0.00538415, 0.0025633, 0.003568135]

ttpt
[0.0, 35.0, 75.0, 125.0, 170.0, 225.0, 800.0]
[0.0100368, 0.00789039, 0.00333946, 0.00162792, 0.000813572, 8.36853e-05]
[0.351288, 0.3156156, 0.16697299999999998, 0.0732564, 0.04474646, 0.048119047500000005]

ttm
[225.0, 345.0, 420.0, 500.0, 590.0, 685.0, 790.0, 910.0, 1040.0, 1175.0, 1320.0, 3000.0]
[0.000483109, 0.00281805, 0.0028295, 0.00207343, 0.0012649, 0.000762089, 0.000422668, 0.00022836, 0.00011654, 6.44363e-05, 7.16463e-06]
[0.05797308, 0.21135374999999998, 0.22636, 0.1866087, 0.1201655, 0.08001934499999999, 0.05072016, 0.0296868, 0.0157329, 0.009343263499999999, 0.012036578400000001]